PATH 54.815634 116.12 0 1 "14-0" 0 1.4281 3.7234 1.5708 5.7014 1.5708 2.3832 -5.0000 1.5000 R 3 4 2.936336e-04  2.207944e-04    4.198388e-37  1.102023e-37    2.936336e-04  2.207944e-04    4.198388e-37  1.102023e-37  4.018424e-28  1.054785e-28  6.109963e-28     1.603787e-28  -5.114656e+05  -3.845905e+05  9.021674e-08  5.382464e-08  1.371734e-07     8.183968e-08  -0.000000e+00  0.000000e+00 
PATH 48.079602 115.10 0 1 "14-0" 1 2.3498 2.9251 1.5708 5.7428 1.5708 -5.0000 0.0000 1.5000 D 4 4 -1.634234e-04  -2.825903e-04    -7.993134e-21  -1.130091e-20    -1.634234e-04  -2.825903e-04    -7.993134e-21  -1.130091e-20  -7.163239e-12  -1.012758e-11  -1.193873e-11     -1.687930e-11  2.846589e+05  4.922297e+05  -4.905691e-06  6.907786e-07  -8.176152e-06     1.151298e-06  -2.935798e-22  5.681044e-23 
PATH 63.864572 112.43 0 1 "14-0" 2 1.6162 2.9327 1.5708 3.3505 1.5708 -10.0000 0.9701 1.5000 R 2 4 -1.770084e-04  1.623577e-04    2.269241e-36  -2.126262e-36    -1.770084e-04  1.623577e-04    2.269241e-36  -2.126262e-36  8.195984e-28  -7.679572e-28  -3.866770e-27     3.623133e-27  3.083219e+05  -2.828026e+05  -3.247258e-07  -9.670130e-07  1.532019e-06     4.562255e-06  0.000000e+00  0.000000e+00 
PATH 55.721560 110.51 0 2 "14-0" 3 6.0184 3.7234 1.3902 5.7014 1.3902 2.3832 -5.0000 2.3405 R 3 4 -0.6350 -3.0150 3.0000 R 8 4 -1.724123e-04  7.726758e-05    3.313706e-05  -1.524335e-05    -1.724123e-04  7.726758e-05    3.313706e-05  -1.524335e-05  -1.334444e+04  5.604440e+03  7.786069e+04     -3.546534e+04  2.954337e+05  -1.324003e+05  -2.111996e-03  5.004521e-04  -3.606474e-03     7.652690e-04  -1.189584e-03  1.305706e-05 
PATH 55.721560 110.51 0 2 "14-0" 4 2.8768 3.7234 1.7514 5.7014 1.7514 2.3832 -5.0000 0.6595 R 3 4 -0.6350 -3.0150 0.0000 R 1 4 -1.724126e-04  7.726692e-05    -3.313712e-05  1.524322e-05    -1.724126e-04  7.726692e-05    -3.313712e-05  1.524322e-05  1.334446e+04  -5.604390e+03  -7.786083e+04     3.546505e+04  2.954342e+05  -1.323992e+05  2.112030e-03  -5.003088e-04  3.606526e-03     -7.650243e-04  -1.189585e-03  1.297634e-05 
PATH 54.825733 109.73 0 2 "14-0" 5 4.7219 3.7323 1.5708 5.7428 1.5708 2.4568 -5.0000 1.5000 R 3 4 -5.0000 0.0000 1.5000 D 4 4 -1.721911e-04  -3.640647e-05    4.017232e-22  -1.203967e-22    -1.721911e-04  -3.640647e-05    4.017232e-22  -1.203967e-22  3.600139e-13  -1.078964e-13  6.000232e-13     -1.798273e-13  2.999310e+05  6.341459e+04  -4.657138e-08  -7.270621e-09  -7.761898e-08     -1.211770e-08  2.162142e-25  -8.842018e-26 
PATH 49.109944 109.33 0 2 "14-0" 6 3.0821 2.9251 1.7760 5.7428 1.7760 -0.8087 -0.9219 0.0000 R 1 4 -5.0000 0.0000 0.8932 D 4 4 -5.248045e-05  -1.596178e-04    1.649255e-06  3.859636e-06    -5.248045e-05  -1.596178e-04    1.649255e-06  3.859636e-06  1.745040e+04  5.203848e+04  -7.120065e+03     -2.338290e+04  8.949516e+04  2.721971e+05  -1.879711e-02  -2.483415e-02  -3.161151e-02     -4.173021e-02  6.995316e-04  8.403593e-04 
PATH 49.109944 109.33 0 2 "14-0" 7 6.2237 2.9251 1.3656 5.7428 1.3656 -0.8087 -0.9219 3.0000 R 8 4 -5.0000 0.0000 2.1068 D 4 4 -5.248103e-05  -1.596176e-04    -1.649269e-06  -3.859630e-06    -5.248103e-05  -1.596176e-04    -1.649269e-06  -3.859630e-06  -1.745060e+04  -5.203841e+04  7.120150e+03     2.338287e+04  8.949616e+04  2.721967e+05  1.879746e-02  2.483389e-02  3.161209e-02     4.172977e-02  6.995431e-04  8.403495e-04 
PATH 64.643809 107.05 0 2 "14-0" 8 1.4991 2.9327 1.4154 3.3505 1.4154 -3.1350 -0.4850 3.0000 R 8 4 -10.0000 0.9701 1.9004 R 2 4 1.285858e-04  1.242827e-05    4.141605e-06  5.740852e-07    1.285858e-04  1.242827e-05    4.141605e-06  5.740852e-07  -3.242247e+04  -3.070978e+03  -1.424657e+04     -1.673109e+03  -2.212772e+05  -2.138722e+04  4.410547e-03  -1.816340e-03  -2.135531e-02     8.767263e-03  -7.236797e-04  2.619938e-04 
PATH 64.643809 107.05 0 2 "14-0" 9 4.6407 2.9327 1.7262 3.3505 1.7262 -3.1350 -0.4850 0.0000 R 1 4 -10.0000 0.9701 1.0996 R 2 4 1.285858e-04  1.242874e-05    -4.141603e-06  -5.741003e-07    1.285858e-04  1.242874e-05    -4.141603e-06  -5.741003e-07  3.242246e+04  3.071096e+03  1.424657e+04     1.673161e+03  -2.212772e+05  -2.138803e+04  -4.410530e-03  1.816380e-03  2.135523e-02     -8.767456e-03  -7.236773e-04  2.620003e-04 
PATH 65.337178 106.79 0 2 "14-0" 10 5.6046 2.3475 1.5708 5.4891 1.5708 3.8024 0.0000 1.5000 R 5 4 -1.1117 -5.0000 1.5000 R 3 4 -6.914518e-05  1.046446e-04    -1.515705e-37  2.351909e-37    -6.914518e-05  1.046446e-04    -1.515705e-37  2.351909e-37  -1.882958e-28  2.921772e-28  -1.850609e-28     2.871577e-28  1.204405e+05  -1.822751e+05  -8.244087e-11  -5.629147e-09  -8.102456e-11     -5.532440e-09  0.000000e+00  0.000000e+00 
PATH 69.358379 106.32 0 2 "14-0" 11 0.7852 3.5908 1.5708 3.5908 1.5708 0.9823 -5.0000 1.5000 R 3 4 -10.0000 0.2947 1.5000 R 2 4 -4.164397e-05  -1.113368e-04    3.110000e-38  -3.532475e-38    -4.164397e-05  -1.113368e-04    3.110000e-38  -3.532475e-38  2.352551e-29  -2.672131e-29  -4.879655e-29     5.542527e-29  7.253752e+04  1.939319e+05  -3.600813e-09  6.457782e-09  7.468797e-09     -1.339471e-08  0.000000e+00  0.000000e+00 
PATH 63.867368 106.24 0 2 "14-0" 12 4.8043 2.9251 1.5708 3.3390 1.5708 -5.0000 0.0000 1.5000 D 4 4 -10.0000 1.0000 1.5000 R 2 4 6.433379e-05  -9.859353e-05    2.795630e-23  -1.057123e-21    6.433379e-05  -9.859353e-05    2.795630e-23  -1.057123e-21  9.550007e-15  -3.611183e-13  -4.775003e-14     1.805592e-12  -1.120598e+05  1.717351e+05  2.277366e-07  3.909208e-07  -1.138683e-06     -1.954604e-06  2.136915e-23  1.038938e-23 
PATH 53.110605 105.05 0 2 "14-0" 13 4.4473 0.1911 1.5708 5.7428 1.5708 7.0000 -2.3211 1.5000 R 4 4 -5.0000 0.0000 1.5000 D 4 4 8.937329e-05  5.066619e-05    4.994966e-21  2.318985e-21    8.937329e-05  5.066619e-05    4.994966e-21  2.318985e-21  4.476359e-12  2.078215e-12  7.460598e-12     3.463691e-12  -1.556748e+05  -8.825288e+04  5.171329e-07  7.345452e-07  8.618882e-07     1.224242e-06  4.047167e-23  5.278984e-23 
PATH 80.254842 101.30 0 2 "14-0" 14 0.5898 2.9758 1.5708 6.1174 1.5708 -10.0000 0.2453 1.5000 R 2 4 -5.0000 1.0818 1.5000 R 6 4 -6.491876e-05  -1.518244e-05    -7.549673e-37  -1.613315e-37    -6.491876e-05  -1.518244e-05    -7.549673e-37  -1.613315e-37  -2.169888e-28  -4.636905e-29  -1.297013e-27     -2.771631e-28  1.130787e+05  2.644552e+04  -1.344121e-07  1.777066e-07  -8.034253e-07     1.062211e-06  0.000000e+00  -0.000000e+00 
PATH 81.018312 97.08 0 2 "14-0" 15 5.8715 3.0258 1.5708 5.7428 1.5708 -10.0000 -0.5817 1.5000 R 2 4 -5.0000 0.0000 1.5000 D 4 4 3.550464e-05  2.057080e-05    3.981830e-22  2.414011e-22    3.550464e-05  2.057080e-05    3.981830e-22  2.414011e-22  3.568413e-13  2.163374e-13  5.947355e-13     3.605624e-13  -6.184373e+04  -3.583123e+04  1.381404e-06  -8.529036e-07  2.302339e-06     -1.421506e-06  -7.750247e-24  4.796556e-24 
PATH 74.357917 95.89 0 2 "14-0" 16 5.9184 2.9251 1.5708 1.3371 1.5708 -5.0000 0.0000 1.5000 D 4 4 -6.4286 6.0000 1.5000 R 7 4 3.145299e-05  1.700011e-05    -6.292752e-21  -3.110875e-21    3.145299e-05  1.700011e-05    -6.292752e-21  -3.110875e-21  1.066295e-11  5.271321e-12  -2.538799e-12     -1.255077e-12  -5.478637e+04  -2.961163e+04  1.295003e-06  -1.100366e-06  -3.083339e-07     2.619920e-07  1.241358e-22  -1.013937e-22 
PATH 47.674443 94.62 0 2 "14-0" 17 5.6650 2.8601 1.5708 6.0017 1.5708 -2.3123 0.0000 1.5000 T 5 4 -5.0000 0.7771 1.5000 T 6 4 6.352514e-07  -3.088002e-05    0.000000e+00  -0.000000e+00    6.352514e-07  -3.088002e-05    0.000000e+00  -0.000000e+00  0.000000e+00  -0.000000e+00  0.000000e+00     -0.000000e+00  -1.106512e+03  5.378834e+04  -3.514657e-07  -1.478152e-07  -1.215522e-06     -5.112097e-07  -0.000000e+00  0.000000e+00 
PATH 77.610452 91.72 0 2 "14-0" 18 4.7000 2.9251 1.5708 4.9264 1.5708 -5.0000 0.0000 1.5000 D 4 4 -6.0870 -5.0000 1.5000 R 3 4 1.921581e-06  2.204349e-05    -3.192820e-21  2.938225e-20    1.921581e-06  2.204349e-05    -3.192820e-21  2.938225e-20  -5.434480e-12  5.001134e-11  -1.181409e-12     1.087203e-11  -3.347104e+03  -3.839644e+04  3.146543e-06  1.704964e-06  6.840311e-07     3.706443e-07  -5.754330e-22  -3.407455e-22 
PATH 48.713356 88.40 0 3 "14-0" 19 3.3849 2.8601 1.3639 6.0017 1.3639 -0.6350 -0.4850 3.0000 R 8 4 -2.3123 0.0000 2.6335 T 5 4 -5.0000 0.7771 2.0462 T 6 4 1.448750e-06  -1.501921e-05    -1.774532e-09  7.093159e-07    1.448750e-06  -1.501921e-05    -1.774532e-09  7.093159e-07  4.971314e+02  -4.819480e+03  -1.469621e+02     2.679676e+03  -2.469684e+03  2.560326e+04  5.436118e-04  2.211252e-03  1.902911e-03     7.737526e-03  3.025585e-05  1.191621e-04 