PATH 50.628591 102.53 0 2 "91-0" 0 0.0560 2.7012 1.5708 5.8428 1.5708 -0.17 0.9884 0.0000 1.5000 T 5 4 -5.0000 2.8219 1.5000 T 6 4 -4.013651e-05  -6.552538e-05    3.177462e-37  2.848726e-37    -4.013651e-05  -6.552538e-05    3.177462e-37  2.848726e-37  2.359276e-28  2.115188e-28  5.006624e-28     4.488646e-28  6.991176e+04  1.141353e+05  -9.686873e-07  5.104810e-08  -2.055653e-06     1.083293e-07  -0.000000e+00  0.000000e+00 
PATH 59.805149 96.18 0 3 "91-0" 1 1.2909 3.8401 1.5708 5.5847 1.5708 0.26 3.2173 -5.0000 1.5000 R 3 4 -2.7368 0.0000 1.5000 T 5 4 -5.0000 1.9006 1.5000 T 6 4 2.495910e-05  2.730421e-05    1.072189e-37  5.655611e-38    2.495910e-05  2.730421e-05    1.072189e-37  5.655611e-38  1.201025e-28  6.335197e-29  1.430189e-28     7.543994e-29  -4.347498e+04  -4.755982e+04  4.998001e-08  5.019444e-08  5.951652e-08     5.977187e-08  0.000000e+00  -0.000000e+00 
PATH 55.318747 92.53 0 3 "91-0" 2 2.7256 0.4008 1.5708 5.8824 1.5708 -0.16 7.0000 -2.1437 1.5000 R 4 4 1.9405 0.0000 1.5000 T 5 4 -5.0000 2.9407 1.5000 T 6 4 1.947832e-05  -1.449833e-05    -0.000000e+00  0.000000e+00    1.947832e-05  -1.449833e-05    -0.000000e+00  0.000000e+00  -0.000000e+00  0.000000e+00  -0.000000e+00     0.000000e+00  -3.392830e+04  2.525391e+04  5.627130e-08  -4.406687e-08  1.328072e-07     -1.040032e-07  -0.000000e+00  0.000000e+00 
PATH 66.099057 89.82 0 3 "91-0" 3 3.9432 2.8090 1.5708 3.4742 1.5708 -0.13 -0.9204 0.0000 1.5000 T 5 4 -5.0000 1.4092 1.5000 T 6 4 -10.0000 3.1364 1.5000 R 2 4 1.756294e-05  2.847784e-06    -1.337053e-37  -5.645361e-38    1.756294e-05  2.847784e-06    -1.337053e-37  -5.645361e-38  -7.604094e-29  -3.210632e-29  2.201309e-28     9.294458e-29  -3.059199e+04  -4.960411e+03  -1.100612e-07  1.677521e-07  3.186162e-07     -4.856255e-07  -0.000000e+00  0.000000e+00 
PATH 50.685610 102.55 0 2 "92-0" 0 0.9158 2.6988 1.5708 5.8404 1.5708 -0.17 0.9363 0.0000 1.5000 T 5 4 -5.0000 2.8146 1.5000 T 6 4 -7.595930e-05  -1.236122e-05    -4.229153e-37  5.480460e-38    -7.595930e-05  -1.236122e-05    -4.229153e-37  5.480460e-38  -3.156019e-28  4.089811e-29  -6.656243e-28     8.625668e-29  1.323097e+05  2.153139e+04  -5.960787e-07  7.706189e-07  -1.257168e-06     1.625284e-06  -0.000000e+00  0.000000e+00 
PATH 59.719432 96.20 0 3 "92-0" 1 6.2815 3.8384 1.5708 5.5864 1.5708 0.26 3.2546 -5.0000 1.5000 R 3 4 -2.7202 0.0000 1.5000 T 5 4 -5.0000 1.9079 1.5000 T 6 4 -1.945001e-05  3.157464e-05    -7.291025e-38  2.006296e-37    -1.945001e-05  3.157464e-05    -7.291025e-38  2.006296e-37  -8.150473e-29  2.242793e-28  -9.739425e-29     2.680031e-28  3.387898e+04  -5.499826e+04  -3.430398e-08  6.149765e-08  -4.099161e-08     7.348675e-08  0.000000e+00  0.000000e+00 
PATH 55.370937 92.55 0 3 "92-0" 2 3.5126 0.4030 1.5708 5.8802 1.5708 -0.16 7.0000 -2.1817 1.5000 R 4 4 1.8825 0.0000 1.5000 T 5 4 -5.0000 2.9342 1.5000 T 6 4 3.492376e-06  -2.410092e-05    -0.000000e+00  0.000000e+00    3.492376e-06  -2.410092e-05    -0.000000e+00  0.000000e+00  -0.000000e+00  0.000000e+00  -0.000000e+00     0.000000e+00  -6.083193e+03  4.198017e+04  8.549225e-09  -7.123245e-08  2.005325e-08     -1.670844e-07  -0.000000e+00  0.000000e+00 
PATH 66.142741 89.86 0 3 "92-0" 3 4.6019 2.8071 1.5708 3.4761 1.5708 -0.13 -0.9916 0.0000 1.5000 T 5 4 -5.0000 1.3932 1.5000 T 6 4 -10.0000 3.1311 1.5000 R 2 4 1.568572e-05  -8.529095e-06    -2.789631e-37  1.799139e-37    1.568572e-05  -8.529095e-06    -2.789631e-37  1.799139e-37  -1.595275e-28  1.028853e-28  4.589784e-28     -2.960126e-28  -2.732216e+04  1.485640e+04  1.572519e-08  2.010477e-07  -4.524312e-08     -5.784367e-07  -0.000000e+00  0.000000e+00 
PATH 50.790323 102.53 0 2 "93-0" 0 2.4949 2.6991 1.5708 5.8407 1.5708 -0.36 0.9417 0.0000 1.5000 T 5 4 -5.0000 2.8154 1.5000 T 6 4 -1.170850e-05  7.588050e-05    -2.470668e-37  1.322844e-36    -1.170850e-05  7.588050e-05    -2.470668e-37  1.322844e-36  -1.842769e-28  9.866543e-28  -3.889034e-28     2.082264e-27  2.039444e+04  -1.321724e+05  7.734613e-07  5.881564e-07  1.632336e-06     1.241263e-06  0.000000e+00  0.000000e+00 
PATH 59.774835 96.20 0 3 "93-0" 1 0.8337 3.8369 1.5708 5.5879 1.5708 -0.31 3.2875 -5.0000 1.5000 R 3 4 -2.7056 0.0000 1.5000 T 5 4 -5.0000 1.9142 1.5000 T 6 4 1.036506e-05  3.560578e-05    1.552468e-38  1.743551e-37    1.036506e-05  3.560578e-05    1.552468e-38  1.743551e-37  1.732352e-29  1.945576e-28  2.076408e-29     2.331979e-28  -1.805438e+04  -6.201989e+04  2.245685e-08  6.619293e-08  2.691692e-08     7.933926e-08  0.000000e+00  0.000000e+00 
PATH 55.292010 92.58 0 3 "93-0" 2 2.3224 0.4043 1.5708 5.8789 1.5708 0.37 7.0000 -2.2034 1.5000 R 4 4 1.8497 0.0000 1.5000 T 5 4 -5.0000 2.9304 1.5000 T 6 4 2.375922e-05  -5.731560e-06    -8.123579e-38  -2.066063e-38    2.375922e-05  -5.731560e-06    -8.123579e-38  -2.066063e-38  -5.565735e-29  -1.415528e-29  -1.300948e-28     -3.308689e-29  -4.138499e+04  9.983513e+03  6.959564e-08  -1.859955e-08  1.626745e-07     -4.347502e-08  0.000000e+00  -0.000000e+00 
PATH 66.248214 89.84 0 3 "93-0" 3 6.1924 2.8071 1.5708 3.4761 1.5708 -0.38 -0.9908 0.0000 1.5000 T 5 4 -5.0000 1.3934 1.5000 T 6 4 -10.0000 3.1311 1.5000 R 2 4 -8.822103e-06  -1.548920e-05    1.874638e-37  3.451443e-37    -8.822103e-06  -1.548920e-05    1.874638e-37  3.451443e-37  1.071966e-28  1.973622e-28  -3.084367e-28     -5.678703e-28  1.536677e+04  2.697986e+04  2.003669e-07  -1.965185e-08  -5.765159e-07     5.654429e-08  0.000000e+00  0.000000e+00 
PATH 50.822122 102.50 0 2 "94-0" 0 2.9744 2.7008 1.5708 5.8424 1.5708 0.17 0.9800 0.0000 1.5000 T 5 4 -5.0000 2.8208 1.5000 T 6 4 2.455275e-05  7.253838e-05    3.907779e-37  1.286410e-36    2.455275e-05  7.253838e-05    3.907779e-37  1.286410e-36  2.903892e-28  9.559382e-28  6.156251e-28     2.026589e-27  -4.276719e+04  -1.263509e+05  9.531512e-07  1.641837e-07  2.020681e-06     3.480696e-07  0.000000e+00  0.000000e+00 
PATH 59.868799 96.19 0 3 "94-0" 1 2.2507 3.8370 1.5708 5.5877 1.5708 -0.26 3.2843 -5.0000 1.5000 R 3 4 -2.7070 0.0000 1.5000 T 5 4 -5.0000 1.9136 1.5000 T 6 4 3.671271e-05  -4.778597e-06    9.370832e-38  -1.450623e-38    3.671271e-05  -4.778597e-06    9.370832e-38  -1.450623e-38  1.045840e-28  -1.618981e-29  1.253189e-28     -1.939961e-29  -6.394801e+04  8.323597e+03  6.878707e-08  -1.203349e-08  8.242486e-08     -1.441926e-08  0.000000e+00  -0.000000e+00 
PATH 55.204445 92.59 0 3 "94-0" 2 1.0020 0.4036 1.5708 5.8796 1.5708 0.16 7.0000 -2.1925 1.5000 R 4 4 1.8662 0.0000 1.5000 T 5 4 -5.0000 2.9323 1.5000 T 6 4 1.144449e-05  2.160920e-05    8.407673e-38  8.385762e-38    1.144449e-05  2.160920e-05    8.407673e-38  8.385762e-38  5.751816e-29  5.736827e-29  1.346810e-28     1.343300e-28  -1.993457e+04  -3.763996e+04  3.527043e-08  6.283340e-08  8.258706e-08     1.471268e-07  0.000000e+00  0.000000e+00 
PATH 66.289383 89.81 0 3 "94-0" 3 0.5300 2.8084 1.5708 3.4748 1.5708 0.13 -0.9431 0.0000 1.5000 T 5 4 -5.0000 1.4042 1.5000 T 6 4 -10.0000 3.1347 1.5000 R 2 4 -1.613068e-05  -7.442196e-06    1.690337e-37  4.724367e-38    -1.613068e-05  -7.442196e-06    1.690337e-37  4.724367e-38  9.630136e-29  2.691553e-29  -2.782369e-28     -7.776518e-29  2.809722e+04  1.296318e+04  1.508659e-07  -1.319478e-07  -4.358865e-07     3.812277e-07  0.000000e+00  0.000000e+00 
PATH 50.749319 102.50 0 2 "95-0" 0 1.8765 2.7023 1.5708 5.8439 1.5708 0.36 1.0131 0.0000 1.5000 T 5 4 -5.0000 2.8253 1.5000 T 6 4 -5.337956e-05  5.488429e-05    -6.811180e-37  8.448185e-37    -5.337956e-05  5.488429e-05    -6.811180e-37  8.448185e-37  -5.045292e-28  6.257881e-28  -1.073782e-27     1.331855e-27  9.297916e+04  -9.560016e+04  2.874719e-07  9.214214e-07  6.118220e-07     1.961047e-06  0.000000e+00  0.000000e+00 
PATH 59.907387 96.18 0 3 "95-0" 1 2.8326 3.8387 1.5708 5.5861 1.5708 0.31 3.2485 -5.0000 1.5000 R 3 4 -2.7229 0.0000 1.5000 T 5 4 -5.0000 1.9067 1.5000 T 6 4 2.799662e-05  -2.413241e-05    -2.233926e-37  1.505766e-37    2.799662e-05  -2.413241e-05    -2.233926e-37  1.505766e-37  -2.498087e-28  1.683822e-28  -2.983405e-28     2.010948e-28  -4.876588e+04  4.203502e+04  5.120349e-08  -4.814217e-08  6.115109e-08     -5.749503e-08  -0.000000e+00  0.000000e+00 
PATH 55.195918 92.56 0 3 "95-0" 2 0.8734 0.4017 1.5708 5.8815 1.5708 -0.37 7.0000 -2.1599 1.5000 R 4 4 1.9158 0.0000 1.5000 T 5 4 -5.0000 2.9380 1.5000 T 6 4 8.551894e-06  2.282645e-05    1.066270e-38  -8.333701e-38    8.551894e-06  2.282645e-05    1.066270e-38  -8.333701e-38  7.261972e-30  -5.675775e-29  1.709425e-29     -1.336044e-28  -1.489611e+04  -3.976023e+04  2.681928e-08  6.657748e-08  6.313100e-08     1.567195e-07  0.000000e+00  0.000000e+00 
PATH 66.225184 89.80 0 3 "95-0" 3 5.8451 2.8096 1.5708 3.4735 1.5708 0.38 -0.8957 0.0000 1.5000 T 5 4 -5.0000 1.4148 1.5000 T 6 4 -10.0000 3.1383 1.5000 R 2 4 -3.007135e-06  -1.747604e-05    4.705751e-38  3.106679e-37    -3.007135e-06  -1.747604e-05    4.705751e-38  3.106679e-37  2.671160e-29  1.763467e-28  -7.749254e-29     -5.115962e-28  5.237977e+03  3.044063e+04  1.936650e-07  4.934151e-08  -5.618381e-07     -1.431438e-07  0.000000e+00  0.000000e+00 