PATH 45.798460 124.20 0 0 "14-0" 0 2.6810 3.1438 1.5708 0.0022 1.5708 5.350314e-06  9.315815e-04    3.098985e-34  -3.808093e-30    5.350314e-06  9.315815e-04    3.098985e-34  -3.808093e-30  -5.706498e-13  -9.935992e-11  -1.246868e-15     -2.171011e-13  -9.319441e+03  -1.622675e+06  -2.943813e-08  -1.976150e-08  1.347285e-05     9.044180e-06  0.000000e+00  0.000000e+00 
PATH 48.706503 120.29 0 1 "14-0" 1 5.5634 2.7943 1.5708 0.3473 1.5708 -0.5936 0.0000 1.5000 R 5 4 6.119696e-05  -5.906202e-04    -6.426227e-39  -3.726793e-37    6.119696e-05  -5.906202e-04    -6.426227e-39  -3.726793e-37  3.809916e-30  2.209503e-28  -1.052518e-29     -6.103919e-28  -1.065959e+05  1.028771e+06  5.967094e-07  5.070122e-07  -1.648455e-06     -1.400659e-06  -0.000000e+00  0.000000e+00 
PATH 48.774987 120.25 0 1 "14-0" 2 1.2925 3.4928 1.5708 5.9320 1.5708 -0.6759 -5.0000 1.5000 R 3 4 -4.732664e-04  -3.531894e-04    3.095865e-37  1.795944e-37    -4.732664e-04  -3.531894e-04    3.095865e-37  1.795944e-37  1.854995e-28  1.076102e-28  5.063435e-28     2.937352e-28  8.243588e+05  6.152026e+05  -2.574619e-07  -1.981710e-07  -7.027738e-07     -5.409319e-07  0.000000e+00  0.000000e+00 
PATH 46.878965 115.90 0 2 "14-0" 3 2.8490 3.1438 1.7859 0.0022 1.7859 -0.6350 -2.4850 0.0000 T 9 9 -0.6350 -2.4850 0.0000 R 1 4 1.863716e-04  2.605308e-04    -7.766557e-05  -1.208603e-04    1.863716e-04  2.605308e-04    -7.766557e-05  -1.208603e-04  2.955894e+02  4.599854e+02  -1.352814e+05     -2.105200e+05  -3.322902e+05  -4.645118e+05  8.241954e-22  -3.423127e-22  -3.772068e-19     1.566651e-19  -8.420452e-19  3.999709e-19 
PATH 46.878965 114.51 0 1 "14-0" 4 5.9906 3.1438 1.3557 0.0022 1.3557 -0.6350 -2.4850 3.0000 R 8 4 1.606204e-04  2.593793e-04    6.061257e-16  3.190152e-16    1.606204e-04  2.593793e-04    6.061257e-16  3.190152e-16  5.972178e+04  9.644226e+04  1.304919e+02     2.107260e+02  -2.733280e+05  -4.413862e+05  1.105844e-04  -5.011706e-05  -5.061080e-02     2.293691e-02  -7.879145e-19  3.112595e-19 
PATH 50.935336 113.77 0 1 "14-0" 5 0.3497 6.2812 1.5708 0.0020 1.5708 7.0000 -2.4715 1.5000 R 4 4 -2.384918e-04  1.474053e-04    -0.000000e+00  0.000000e+00    -2.384918e-04  1.474053e-04    -0.000000e+00  0.000000e+00  0.000000e+00  0.000000e+00  -0.000000e+00     0.000000e+00  4.154168e+05  -2.567579e+05  8.534838e-09  3.215678e-09  -4.344232e-06     -1.636780e-06  0.000000e+00  0.000000e+00 
PATH 46.878965 113.09 0 2 "14-0" 6 2.8490 3.1438 1.7859 0.0022 1.7859 -0.6350 -2.4850 0.0000 T 1 4 -0.6350 -2.4850 0.0000 R 9 9 1.403245e-04  1.950095e-04    -4.226562e-05  -6.956004e-05    1.403245e-04  1.950095e-04    -4.226562e-05  -6.956004e-05  1.608598e+02  2.647403e+02  -7.362016e+04     -1.211628e+05  -2.501908e+05  -3.476910e+05  4.716880e-22  -1.821317e-22  -2.158759e-19     8.335559e-20  -6.307011e-19  3.017413e-19 
PATH 62.476635 112.00 0 1 "14-0" 7 5.9962 3.1432 1.5708 3.1400 1.5708 -10.0000 -2.4960 1.5000 R 2 4 -5.297939e-05  -2.223516e-04    -8.818014e-38  -3.694744e-37    -5.297939e-05  -2.223516e-04    -8.818014e-38  -3.694744e-37  2.460165e-31  1.030808e-30  1.535963e-28     6.435679e-28  9.228211e+04  3.873030e+05  -5.961472e-09  -2.264575e-09  -3.721946e-06     -1.413850e-06  0.000000e+00  0.000000e+00 
PATH 49.723857 111.40 0 2 "14-0" 8 3.0005 2.7943 1.3682 0.3473 1.3682 -0.5936 0.0000 2.9909 R 5 4 -0.6350 -0.0150 3.0000 R 8 4 1.012344e-04  -1.836376e-04    1.827800e-05  -3.517079e-05    1.012344e-04  -1.836376e-04    1.827800e-05  -3.517079e-05  2.253206e+04  -3.967834e+04  4.201536e+04     -7.951511e+04  -1.727272e+05  3.133246e+05  1.743399e-03  -3.887860e-03  -4.328667e-03     9.471286e-03  -8.077964e-04  2.102675e-03 
PATH 49.790942 111.25 0 2 "14-0" 9 2.1678 3.4928 1.3684 5.9320 1.3684 -0.6350 -4.9850 3.0000 R 8 4 -0.6759 -5.0000 2.9911 R 3 4 -1.016160e-04  -1.824879e-04    -8.613107e-06  -1.627614e-05    -1.016160e-04  -1.824879e-04    -8.613107e-06  -1.627614e-05  -3.856307e+04  -6.973810e+04  -1.850205e+03     -4.644581e+03  1.733881e+05  3.113806e+05  1.219547e-04  -1.295711e-04  4.381263e-04     -5.053274e-04  1.764459e-04  -2.542618e-04 
PATH 56.599232 110.84 0 2 "14-0" 10 2.2594 2.5135 1.5708 5.6551 1.5708 2.8285 0.0000 1.5000 R 5 4 -4.0572 -5.0000 1.5000 R 3 4 -8.068055e-05  1.830549e-04    -1.810068e-38  5.971080e-38    -8.068055e-05  1.830549e-04    -1.810068e-38  5.971080e-38  -1.852548e-29  6.111213e-29  -2.551202e-29     8.415943e-29  1.405334e+05  -3.188541e+05  4.084841e-08  5.070511e-08  5.625363e-08     6.982760e-08  0.000000e+00  0.000000e+00 
PATH 56.717060 110.78 0 2 "14-0" 11 1.8265 3.7725 1.5708 0.6309 1.5708 2.7667 -5.0000 1.5000 R 3 4 -4.0778 0.0000 1.5000 R 5 4 1.943118e-04  4.118863e-05    -1.274048e-37  -1.170725e-38    1.943118e-04  4.118863e-05    -1.274048e-37  -1.170725e-38  1.309070e-28  1.202907e-29  -1.791978e-28     -1.646651e-29  -3.384618e+05  -7.174438e+04  2.099597e-08  1.074093e-09  -2.874124e-08     -1.470319e-09  0.000000e+00  0.000000e+00 
PATH 53.565222 110.69 0 2 "14-0" 12 4.6530 0.3147 1.5708 0.3147 1.5708 7.0000 -2.2194 1.5000 R 4 4 0.1811 0.0000 1.5000 R 5 4 -1.608813e-04  -1.129735e-04    8.161958e-38  8.016321e-38    -1.608813e-04  -1.129735e-04    8.161958e-38  8.016321e-38  -4.400051e-29  -4.321539e-29  1.351887e-28     1.327765e-28  2.802310e+05  1.967829e+05  7.824220e-08  8.477730e-08  -2.403941e-07     -2.604727e-07  -0.000000e+00  0.000000e+00 
PATH 53.627501 110.66 0 2 "14-0" 13 0.1981 5.9650 1.5708 5.9650 1.5708 7.0000 -2.7236 1.5000 R 4 4 0.0895 -5.0000 1.5000 R 3 4 -1.854445e-04  6.291801e-05    1.390046e-37  -1.122373e-37    -1.854445e-04  6.291801e-05    1.390046e-37  -1.122373e-37  7.575296e-29  -6.116566e-29  2.299697e-28     -1.856858e-28  3.230164e+05  -1.095937e+05  -1.901162e-07  -1.873606e-07  -5.771519e-07     -5.687864e-07  0.000000e+00  0.000000e+00 
PATH 64.638645 109.44 0 2 "14-0" 14 3.8685 2.8822 1.5708 2.8822 1.5708 -3.0785 0.0000 1.5000 R 5 4 -10.0000 -1.8366 1.5000 R 2 4 1.687331e-04  2.306853e-05    -4.182929e-37  -1.149322e-37    1.687331e-04  2.306853e-05    -4.182929e-37  -1.149322e-37  1.868678e-28  5.134471e-29  7.042322e-28     1.934983e-28  -2.939077e+05  -4.018190e+04  1.805916e-07  -2.505008e-07  6.805798e-07     -9.440404e-07  0.000000e+00  0.000000e+00 
PATH 64.690265 109.42 0 2 "14-0" 15 5.4950 3.4040 1.5708 3.4040 1.5708 -3.1909 -5.0000 1.5000 R 3 4 -10.0000 -3.1714 1.5000 R 2 4 1.358764e-04  -1.017319e-04    4.943654e-37  -2.759288e-37    1.358764e-04  -1.017319e-04    4.943654e-37  -2.759288e-37  2.233402e-28  -1.246568e-28  -8.316426e-28     4.641793e-28  -2.366762e+05  1.772016e+05  -1.002282e-07  1.200796e-07  3.732156e-07     -4.471355e-07  0.000000e+00  -0.000000e+00 
PATH 51.909025 104.99 0 2 "14-0" 16 6.2282 6.2812 1.3768 0.0020 1.3768 7.0000 -2.4715 1.6513 R 4 4 0.1350 -2.4850 3.0000 R 8 4 -8.936274e-05  -4.907454e-05    7.315226e-08  4.009927e-08    -8.936274e-05  -4.907454e-05    7.315226e-08  4.009927e-08  -3.000734e+04  -1.647887e+04  6.846694e+01     3.747204e+01  1.527367e+05  8.387705e+04  -1.361589e-05  3.006779e-05  6.786269e-03     -1.504519e-02  1.442161e-06  -2.593088e-06 
PATH 63.272968 104.96 0 2 "14-0" 17 5.0205 3.1432 1.4120 3.1400 1.4120 -3.1350 -2.4850 3.0000 R 8 4 -10.0000 -2.4960 1.9004 R 2 4 -3.460136e-05  9.553403e-05    1.003738e-08  -2.445964e-08    -3.460136e-05  9.553403e-05    1.003738e-08  -2.445964e-08  9.532006e+03  -2.631778e+04  -3.275112e+01     8.475848e+01  5.951182e+04  -1.643115e+05  -2.045012e-05  -1.098301e-05  -1.308807e-02     -7.046833e-03  3.203753e-06  1.897738e-06 
PATH 67.613515 101.81 0 2 "14-0" 18 3.6649 6.2817 1.5708 3.1401 1.5708 7.0000 -2.4711 1.5000 R 4 4 -10.0000 -2.4963 1.5000 R 2 4 5.016594e-05  -4.981031e-05    -4.621650e-40  7.794975e-40    5.016594e-05  -4.981031e-05    -4.621650e-40  7.794975e-40  1.191448e-33  -2.009520e-33  8.050214e-31     -1.357766e-30  -8.738151e+04  8.676205e+04  1.717358e-09  2.281637e-10  1.160362e-06     1.541626e-07  0.000000e+00  -0.000000e+00 
PATH 159.210172 94.37 0 2 "14-0" 19 3.8630 3.1422 1.5708 0.0006 1.5708 -10.0000 -2.4802 1.5000 R 2 4 7.0000 -2.4909 1.5000 R 4 4 2.890362e-05  8.119731e-06    -5.659952e-38  -1.600531e-38    2.890362e-05  8.119731e-06    -5.659952e-38  -1.600531e-38  6.196594e-32  1.752283e-32  -9.858781e-29     -2.787883e-29  -5.034575e+04  -1.414335e+04  -2.513979e-10  2.117458e-10  3.999740e-07     -3.368876e-07  0.000000e+00  0.000000e+00 